3.392398771546767
3.3672358599949064
3.363823683494364
3.3623884394337527
3.361529038467553
3.360840572909689
3.360264801158504
3.360210790688859
3.3595093996985237
3.357377986379153
3.3513009557304603
3.3469187999090773
3.3432472041642463
3.3417265928042323
3.3413590753511535
3.3398073624470492
3.339608412627736
3.33902453327726
3.3386213376006935
3.3372987538405177
3.332345970046224
3.3316861954063577
3.3314272251913244
3.331135716538584
3.3312586885565327
3.3308913124223056
3.3308970584012356
3.3306640568928327
3.3302680098987674
